14.46348658
13.02700499
14.36329098
15.49801697
15.72810834
10.55114634
8.82053193
7.52580002
9.53056214
11.68199367
18.16170956
17.59871567
17.79170496
18.23566559
17.63751403
12.74508204
13.26679429
13.74088560
13.40300741
14.56119832
11.39811228
12.16046829
12.04593504
12.16476412
11.76706963
13.19811237
12.94993173
12.74111008
12.69556775
13.08796693
14.23309772
15.07135899
14.81140250
14.71727406
17.60445627
13.90041188
13.74224176
13.91529510
13.72761052
13.84433595
14.19738483
7.76746708
14.13203866
15.26834000
16.12073777
14.47698213
13.11843348
14.32347282
14.08633954
15.22025839
11.13953717
6.56766098
9.47643655
10.20186118
13.72199214
12.64430630
12.84939993
13.65452953
13.64023223
14.57033965
11.59285748
8.58946580
13.67630469
13.14030195
14.79798257
12.57855500
12.12462337
11.32400956
12.61467076
13.79887313
11.18482850
11.46052131
7.58454066
8.48719274
13.50632461
11.34736424
11.98029690
10.70548560
11.54675199
13.93711353
14.21099169
15.05618437
14.53749384
15.13711293
16.58293673
15.95380892
17.41163193
17.34091440
16.60111323
16.59163417
16.26646827
16.80451758
16.16498435
16.98120808
17.49726674
14.09568177
13.97125783
13.50612501
14.73546732
16.16088000
12.40500219
12.42296369
11.04264206
12.87817365
17.20425652
11.52538547
13.41349026
11.84177591
14.55691517
15.99502804
12.55819243
12.42110473
12.60431478
13.08563949
13.87558644
15.75044380
17.89271578
16.87721922
17.75561346
17.85627591
11.00487702
13.53026856
9.35930047
12.69542509
15.15603135
9.66904290
8.16231380
10.37434570
7.19901355
14.65517577
13.04600329
14.06366800
12.85965026
14.26336455
15.38924704
14.45511619
15.16220532
15.66550175
16.08274100
16.44547033
14.54558110
15.55922106
14.11701838
16.06368974
15.46666817
14.38224810
14.04300944
14.80883566
14.30820766
14.89201932
15.74285340
15.31215550
16.56661157
15.17946100
15.63091203
11.95796776
12.75820250
12.01368543
13.66847482
14.92077011
12.35704529
12.27212418
11.06833590
13.00986505
17.14237166
14.10310063
15.68635216
13.78550145
14.95597666
15.51813348
15.96072360
16.68596449
16.20943662
16.86313296
16.58579249
13.46211778
13.70795234
13.24100297
14.36729263
12.65943794
15.56239762
16.86654855
14.75199619
17.01454221
17.06309214
12.30464940
12.45911777
11.96665518
12.73944750
13.49410693
16.29391344
18.62507266
17.63850887
18.99103715
17.59362919
16.20425651
17.27331994
17.07418846
16.67023458
16.31540717
14.03196033
15.43662857
15.69760205
16.42986515
16.21841474
13.73167964
14.89139306
13.93105443
13.08806805
15.81745940
14.45278574
15.71280515
15.86613825
16.87512080
16.56720187
10.96966243
11.93808895
10.29681956
12.38963676
13.11384100
15.01718478
16.25329819
15.35402937
16.34284899
16.17976105
13.59831829
13.61567240
14.02519769
13.81791680
14.70356008
14.94286799
15.02645348
15.09177797
15.65108826
15.48527226
15.40433913
14.82249688
14.93747013
14.77504429
16.10456592
15.01925571
16.43265580
16.15010636
16.57006791
16.48208953
13.79612042
15.55168234
15.13346675
16.18231469
16.09004581
